NZ_QKKN01000031.1,57348..117306,tnsB,77890..77348,lcl|77890|77348|2|-1,-1,UniRef100_A0A378ML46,2.32e-98,UniRef100_A0A378ML46 tnsB Transposon Tn7 transposition protein tnsB n=1 Tax=Vibrio anguillarum TaxID=55601 RepID=A0A378ML46_VIBAN,MEFVEIDHTPVPVILIDDELDIPLGRPYLTMLYDRFSKCIVGCSINFREPSFDSVRKALLNSLLDKSWLKAKYPSIENEWPCHGKIDCLVVDNGAEFWSQSLEDSLRPLVSNIQYSQAAKPWRKSGIEKLFDQMNKGLVTFQPLLAPLHEMSFCDLEIKKLMSPEVRKTFLCRTLTVGTS,295,754,143,96.503,138,5,140,0,0,97.90,79,/stor/home/kh36969/gitrepo/META/ffs/NZ_QKKN01000031.1.fna
NZ_QKKN01000031.1,57348..117306,tnsB,78540..77968,lcl|78540|77968|3|-1,-1,UniRef100_A0A378ML46,4.49e-119,UniRef100_A0A378ML46 tnsB Transposon Tn7 transposition protein tnsB n=1 Tax=Vibrio anguillarum TaxID=55601 RepID=A0A378ML46_VIBAN,MPPDSNSIFGFFDEFEASEEESQLLPKELILEPVEISSTIDSLPAKIQEEVLRRIKLITFVEKRLKGGWTEKNLNPILSLVESELQLIPPSWRTVATWKKSYAEAGREASALIPKHTFKGNRQKEMDSQSLIDEAIQNVYLTRERLSVAEAYRYYKSRVIQINRGIVDGKIKPIAERSFYNRINELPLMK,348,893,187,91.444,171,16,179,0,0,95.72,98,/stor/home/kh36969/gitrepo/META/ffs/NZ_QKKN01000031.1.fna
NZ_QKKN01000031.1,57348..117306,tnsA,79166..78543,lcl|79166|78543|1|-1,-1,UniRef50_A0A090P7F5,3.65e-112,UniRef50_A0A090P7F5 tnsA Tn7_Tnp_TnsA_N domain-containing protein n=102 Tax=Gammaproteobacteria TaxID=1236 RepID=A0A090P7F5_9VIBR,MFDQTKKSSHVHNICKFMSLKNDAVVRTLSILEFDFCFHLEYNPNIKSFTSQPFGFHYLFNNRKCRYTPDFLAIGHNEQSTFFEVKHSSQILKPDFRERFEEKQRVALSEFNRRLVVVTEKQIRMGPTLDNFKLLHRYSGLRTVTEFQKRVLAFIQRKQMVKLQEVSLYFGLSEQDTLISTLPWISSGHVKTDLNTIDFGLETCVWC,317,812,207,70.531,146,61,171,0,0,82.61,100,/stor/home/kh36969/gitrepo/META/ffs/NZ_QKKN01000031.1.fna
NZ_QKKN01000031.1,57348..117306,tnsA,80859..79582,lcl|80859|79582|3|-1,-1,UniRef50_A0A1C6RKQ5,2.87e-11,"UniRef50_A0A1C6RKQ5 tnsA Murein DD-endopeptidase MepM and murein hydrolase activator NlpD, contain LysM domain n=2 Tax=Micromonospora inyonensis TaxID=47866 RepID=A0A1C6RKQ5_9ACTN",MGKFRFIALIVAVLCFSVALLLPTMYEPNQDSHSVPLNQSVTTSQPPSSEMIVPSDTSLTLLPQPKRIHYMVKVGDTLSDIFAQLGVPYRILQQILSVDLDHLQLDMIQPGEELELVMDDMGQLSQLIYHMSLVEKAIYTRENDGSFSYELQEISGEWREILFSGEINGSFSVSAHRVGLTSSQVANITQVMKDKIDFSRSLRAGDRFDILVKQQYLGEHNTGNSEIKAISFKLAKGEVSAFLAEDGRFYDRAGNSLERAFNRYPVDKAYRRVTSGFNPKRKHPVTGRIAPHNGTDFATPIGAPVYSTGDGKVIAVRKHPYAGNYLVIEHNSVYKTRYLHLDKILVKKGQRVKRGQKIALAGATGRLTGPHLHFEVLVRNRPVDAMKADLPIAKSLPSIQKPAFLARVSEFDNLVEVSQRDMIIN,63.2,152,107,36.449,39,46,51,3,22,47.66,20,/stor/home/kh36969/gitrepo/META/ffs/NZ_QKKN01000031.1.fna
NZ_QKKN01000031.1,57348..117306,tnsB,94471..93794,lcl|94471|93794|2|-1,-1,UniRef100_A0A132I4M5,1.30e-08,UniRef100_A0A132I4M5 tnsB Transposon Tn7 transposition protein TnsB n=1 Tax=Micrococcus luteus TaxID=1270 RepID=A0A132I4M5_MICLU,MVTAQGIKLTRYRASKIMKLLGLVSCQTPKHRYRKASQEHVEIPNYLSRQFAVTAPNQIWVGDVTYVWTGQRWMYLAVVIDLFARKPIGWAVSVSPDSKLTGKALSMAFESRGKPKGVMFHSDQGSHYTSRSYRQLLWRYQIKQSLSRRGNCWDNSPMERFFRSLKTEWIPVSGYRSFSEVREHITRYITGYYSQLRPHQYNGGLTPNQSERLYWENSKTVANFS,52.4,124,180,26.111,47,103,84,7,30,46.67,67,/stor/home/kh36969/gitrepo/META/ffs/NZ_QKKN01000031.1.fna
NZ_QKKN01000031.1,57348..117306,tnsB,96681..95029,lcl|96681|95029|3|-1,-1,UniRef100_A0A0N8TSW6,8.47e-149,UniRef100_A0A0N8TSW6 tnsB Transposon Tn7 transposition protein TnsB n=1 Tax=Pseudoalteromonas sp. P1-25 TaxID=1723758 RepID=A0A0N8TSW6_9GAMM,MVMPFDDEFESINDDTQAEYDSTSEAKLVRKQYLPLDSVTIHERDLSSFSEEQKNKALERYKLISAVAKEISGGWTPKNINPLIDKYGLNLSIKRPSYKSVIRWYKSFCGSDGNIVCLVDHNHSKGNRTKRIIDDESFFVEATERFLDAKRPNYSQAYQFYCDRIEIENSNIISGQISKVSYQAFKERLKKLPPYEVALKRFGQNYANKLFNYYQSSVPTTRILERVELDHTPLDLILLDDDLLIPLGRAYLTLLVDVFSGCIVGFHLGFNPPSYVSVAKAIIHSVKSKDYVHDLNIELTNDWLCHGKMETLVVDNGAEFWSKSLDQACMEAGIHYEYCKVGQPWEKPRVERKFLEIIQGIVGWVPGKTFSNILEKDRYDPQKDAVMRFSSFVEELHRWIIDVHNASPDSRNTKIPNYHWKKSEEALPPAALSDRDEKQFRIIMGVIHEGVVTTKGIKYKHLMYDNVALEQYRKQYPQTKESRKKTIKIDPDDLSSIFVYLEEIGGYIEVPCKYDPLGYTKNLSLSEHVRITKIHRDFIKGQVDAFVVVR,439,1128,503,44.533,224,276,335,3,3,66.60,91,/stor/home/kh36969/gitrepo/META/ffs/NZ_QKKN01000031.1.fna
NZ_QKKN01000031.1,57348..117306,tnsA,97306..96683,lcl|97306|96683|2|-1,-1,UniRef50_A7MV62,1.43e-73,UniRef50_A7MV62 tnsA Tn7_Tnp_TnsA_N domain-containing protein n=43 Tax=Vibrionaceae TaxID=641 RepID=A7MV62_VIBCB,MYVRNLRKPSATKNVYKFASSKNRSVILCESSLERDCCYHLEYSKDVFSFQSQPEGFYYSSGNKRCPYTPDFLVRNQDGSEYYLEVKPLAKTFSEDFKRSFALKRIAAQHQGKPLVLVTDKQIRNGVYLENLNLIHRYSGLVDFSLSSTKIVEELSAAGRMCIRSLADNLKLSIGEVIAVVFRLIGLGRVNVPLDSAINEMSVISVN,219,558,207,51.691,107,99,141,1,1,68.12,99,/stor/home/kh36969/gitrepo/META/ffs/NZ_QKKN01000031.1.fna
NZ_QKKN01000031.1,57348..117306,ffs,97392..97479,,-1,ffs,2.49e-22,ffs,CCAGCCACATCCCGGCACACACATCAT-CCGCTGTGGCTGCTTCCTTCCGGATCTGACCAGGTTCACGAACTAGT-GTTGCGGGAGGACC,102,55,90,87.778,79,7,79,4,4,87.78,0,/stor/home/kh36969/gitrepo/META/ffs/NZ_QKKN01000031.1.fna
NZ_QKKN01000031.1,57348..117306,casR,67153..66794,lcl|67153|66794|2|-1,-1,gi|385805106|ref|YP_005841504.1|CAS-I|casR|CARF,7.25e-04,gi|385805106|ref|YP_005841504.1|CAS-I|casR|CARF casR,MYWSLIMLPHQFFKLLADETRVRCLLMIAREEKVCVAELTEALNESQPKISRHLALLRASGVVVDIRQGQWVFYRISEQLPGWMRKQIQGLVESNCLKQEYQQDIQRLAEMTSRPQCCV,36.2,82,58,25.862,15,43,37,0,0,63.79,49,/stor/home/kh36969/gitrepo/META/ffs/NZ_QKKN01000031.1.fna
NZ_QKKN01000031.1,57348..117306,casR,77169..76831,lcl|77169|76831|3|-1,-1,gi|320101191|ref|YP_004176783.1|CAS-I|casR|CARF,2.26e-05,gi|320101191|ref|YP_004176783.1|CAS-I|casR|CARF casR,MFDPILLYKALSEETRLKSLLLMQKQGELCVCDLMEALNLSQPKVSRHLAELRKHDLVLDERRGKWVYYQINPALAPWVKQVLEITLKHNLTFIESELQFIKCKSCSNGVNE,40.4,93,69,33.333,23,45,43,1,1,62.32,62,/stor/home/kh36969/gitrepo/META/ffs/NZ_QKKN01000031.1.fna
NZ_QKKN01000031.1,57348..117306,cas6,93189..92551,lcl|93189|92551|3|-1,-1,gi|375263740|ref|YP_005025970.1|CAS-I-F|cas6f|cas6,5.12e-89,gi|375263740|ref|YP_005025970.1|CAS-I-F|cas6f|cas6 cas6,MSQRYYFLIRYTNANADYGLLAGRCISQMHLFMVNHHQAMNRVGVSFPDWNESSVGQTIAFVSEDKEMMIGLSFQPYFSLMVNEGLFEISSVYEVPDTSEEVRFVRNQTIGKNFLGSKKRRIKRSMARAELFGIQQSLPVTNEDRVIDSFHQIPISSCSSRQDYILFIQKELADERAESGFNSYGFATNQEKRATVPDLRFNPFDEDSFLVQ,259,661,199,62.814,125,73,149,1,1,74.87,94,/stor/home/kh36969/gitrepo/META/ffs/NZ_QKKN01000031.1.fna
NZ_QKKN01000031.1,57348..117306,cas7,93620..93201,lcl|93620|93201|1|-1,-1,"gi|375263741|ref|YP_005025971.1|CAS-I-F|cas7f|G7,CASCADE",1.58e-74,"gi|375263741|ref|YP_005025971.1|CAS-I-F|cas7f|G7,CASCADE cas7",MDIKAKLRVGWGDEVYPSQEFLDSREDGIPTKQLATVELLSGKETVAFHGQKVGAALQSIDDWWHEEADKPLRVNEYGADREYVIARRHVAYGNDFYQLLRNTENWIESMTASESIPNDVHFIMSVLIKGGLFNCAKAN,224,571,135,76.296,103,32,115,0,0,85.19,97,/stor/home/kh36969/gitrepo/META/ffs/NZ_QKKN01000031.1.fna
NZ_QKKN01000031.1,57348..117306,glmS,60570..59407,lcl|60570|59407|3|-1,-1,WP_056933369.1,1.54e-13,WP_056933369.1 glmS SIS domain-containing protein [Thermococcus barophilus],MTTFLGYSSAWLAEHNATHTAKEISHQPVLWRALAENLQQQAASIEAFLAPLLKRDDLRIILTGAGTSAFVGDAAVPFLQPELNFQMESIPTTDLVSNPELYLDADRPTLLISYARSGNSPESVAAVALADQRVKECYHLFLTCNGEGALSRYAQQAKRALCVLMPEGSNDKSFAMTSSFSCMLMATLMLLGKSSQNAIQATAKLCESKLAQWPEAIKQLAALPYERLIVLGSGGFAGLAREASLKSLELSAGKVMTAFDSSLGFRHGPKFAINHKALVIQLLSSDDYTRQYDLDLLCEIRRDNQALRHIALTETPLNEDDVFELGHLGLGDRWLCFPYILFCQMLAFEKSLQLGLGPDNPCPTGEVNRVVQGVTIYPYPQQPVLNQ,68.6,166,323,24.768,80,206,142,11,37,43.96,80,/stor/home/kh36969/gitrepo/META/ffs/NZ_QKKN01000031.1.fna
NZ_QKKN01000031.1,57348..117306,glmS,62677..61886,lcl|62677|61886|2|-1,-1,WP_003037350.1,3.21e-59,WP_003037350.1 glmS DNA-binding transcriptional repressor [Enterobacteriaceae],MMTSAERRQRIMSHIVQHGTGKVDEFALTFNVSAVTIRHDLNLLEKEGCVFRCYGGANLNPNFAFDQPLYRKDQLNRDIKQMIAFAAAQLISDGEAIILDSGSTIALMPQHLTQKKLVVMTNALNTAYQLSHNDNVELHVIGGSLRRASCSLTGHHGEQQIRSYLFDKLFLGVDGFDLQAGITTPDNHEAQVNRAMCDVARQVIAVTDSSKFGRKSFCMIRAASQIDVLVTDSHIPPATHQALLDMGVHVILADQTSPHRKLN,186,473,258,41.860,108,146,154,4,4,59.69,97,/stor/home/kh36969/gitrepo/META/ffs/NZ_QKKN01000031.1.fna
NZ_QKKN01000031.1,57348..117306,glmS,63821..63051,lcl|63821|63051|1|-1,-1,WP_003037350.1,1.14e-54,WP_003037350.1 glmS DNA-binding transcriptional repressor [Enterobacteriaceae],MTSTQRRDAILKYIQHHQSGSVNYFAEQFQVSEVTIRHDLNILEKKGCVTRCYGGALINAQFAFDQPLQDKKQLNQDIKSQLGAYAASLVEDGDTLILDSGSTTEQIAFHLTDKKQLKVMTNAINIAYHLANHDNIEVIVTGGLMRKNSYSLHGESGEALLGQFRFNKLFLGVDGFDKLAGVTTPHAGEASINRRMVEAAQMVIAVTDSSKFNRQSFCLIARPEQLDMLITDSGMPEDYRRELTAMGVDVRIVDAC,174,442,253,41.107,104,146,146,3,3,57.71,98,/stor/home/kh36969/gitrepo/META/ffs/NZ_QKKN01000031.1.fna
NZ_QKKN01000031.1,57348..117306,glmS,112714..111617,lcl|112714|111617|2|-1,-1,WP_035343592.1,2.34e-13,WP_035343592.1 glmS two-component system response regulator GlrR [Dickeya],MFMYKSHISEDCEDEAQITAAKLILLVDDDPVFRRMTKGYLQKYGYQVIEAENGLDGLRKLRDHEPDLILCDLSMPVLNGIEFVEEVSSSYPSLPLVVVSATEEMADVAKALRFGIQDFLPKPITNHSHLASAIEKVLANDDHQRDFASCWYGADRQGSIPEEQELHWHLQYLKDNPNAAKELLEALLPEKDSQLGSWKCSYRLLQSAELMPLVFDYAWLMNGQFVFYVVDAASHRECGAASTLLVRALFHDYLRNLGNFSVELKDLAEIIERGIRCSECIGKVSALFGVADLADGTLSLLPAGLDCQWSNGYVHNRITSGVQLGDNSLRNFITKDLPIRSACQISLSKPSAYSFTLDLYQGCEG,68.6,166,115,32.174,37,77,62,1,1,53.91,32,/stor/home/kh36969/gitrepo/META/ffs/NZ_QKKN01000031.1.fna
NZ_QKKN01000031.1,57348..117306,CRISPR array,92368..92456,,,,,"Copies: 2, Repeat: 28, Spacer: 32",TTCTTGGCTGCCTATTCGGCAGAACACC,,,,,,,,,,,,/stor/home/kh36969/gitrepo/META/ffs/NZ_QKKN01000031.1.fna
